0	1036	4.169671
0	91529	4.180733
1	1	4.319179
1	2762	4.262326
5	48394	4.682454
9	8368	4.454019
9	102125	4.440882
9	122892	4.393550
11	5464	4.151738
11	7147	4.204340
11	48394	4.201140
12	2542	4.284565
12	3275	4.265564
14	31658	4.714861
16	2712	4.233376
16	112290	3.211356
17	116797	4.342231
18	1203	4.412997
18	1281	4.318538
19	4993	4.278815
20	1197	4.068031
20	1198	4.040472
20	2762	4.179505
21	2329	4.283916
21	6787	4.155623
26	50	4.352633
26	318	4.479839
26	5952	4.309372
30	593	4.387818
30	1200	4.494061
32	4406	4.345079
35	923	4.192353
36	31658	4.201341
37	2329	4.220295
40	608	3.942169
42	926	4.348670
42	1212	4.382708
44	2403	4.234081
44	7163	6.606617
45	50	4.443704
45	73881	4.441009
47	59315	4.217860
47	109374	4.225233
48	5010	4.249740
49	527	4.414996
49	1193	4.295439
50	2858	4.299062
52	5952	4.375063
53	1256	4.463981
53	3307	4.474176
55	3462	4.322274
64	3365	4.745267
64	3462	4.278531
64	3629	4.340238
68	1304	4.400388
68	48774	4.454402
72	4226	4.333713
72	5971	4.246073
72	7361	4.379175
73	1214	4.166508
73	1228	4.165248
74	119145	4.229134
75	5971	4.286256
75	31658	4.273848
76	1212	4.237901
76	30810	4.329713
79	3262	4.378901
79	91529	4.335667
79	134853	4.293917
80	112552	4.706923
84	1178	4.312430
85	904	4.413320
85	115210	4.472969
86	296	4.108727
88	112852	3.975096
90	750	4.595722
90	1193	4.831290
91	17	4.454761
91	509	4.609209
91	55052	6.606617
92	2571	4.313361
92	8368	4.303859
92	79132	4.256412
94	3000	4.368091
95	6669	4.558829
95	7766	6.606617
96	97938	4.399738
97	912	4.140366
98	62	4.475241
98	2019	4.448580
99	2076	4.260183
99	3147	4.240058
100	2329	4.909434
101	4262	4.288545
106	2019	4.356943
106	5618	4.344760
106	90866	4.397739
107	1203	4.389038
108	2762	4.276572
112	76093	4.179324
113	858	3.994610
114	112290	4.187366
115	5952	4.485441
116	5690	4.114657
117	4306	4.173161
117	112852	4.033096
119	1200	5.022592
119	2076	4.498876
120	111	4.225951
120	608	4.247946
120	913	4.005896
120	1178	4.270153
121	1244	4.344939
121	63876	4.367640
122	2291	4.221838
124	60950	6.606617
126	1252	4.365243
127	750	4.288508
127	1148	4.377493
131	30749	4.338167
133	457	4.478272
135	1358	4.506328
137	102125	4.135728
139	3030	4.325290
139	3462	4.204977
141	112552	4.461186
143	6350	4.380074
145	912	4.325592
146	63082	4.370091
150	3468	4.174261
150	3730	4.170564
151	1617	3.819908
153	1234	4.188413
160	1262	4.254382
160	30749	4.330744
160	79132	4.357801
165	50	4.379982
165	2396	4.299711
166	5418	4.367341
166	58559	4.499460
168	1089	4.188541
168	1234	4.195734
172	7132	4.201894
174	49530	4.355289
175	5291	4.256069
177	3030	4.379891
178	96966	4.326578
179	1212	4.288688
179	1262	4.234931
180	858	4.385749
183	750	4.121762
183	912	3.905793
184	1218	4.388618
184	4920	6.606617
184	73881	4.504346
185	1212	4.341778
185	4226	4.410016
187	34	5.115751
188	951	4.384570
191	590	3.972078
194	76091	4.768781
195	1178	4.453706
195	30749	4.773814
196	912	4.842369
196	2028	4.900097
198	99917	4.389162
198	111759	4.257248
199	3949	3.951254
201	48516	4.175750
204	928	4.210185
204	5971	4.207578
207	122882	4.375707
208	4011	4.340397
212	8268	6.606617
215	858	4.657954
218	7022	4.182769
219	1199	4.509663
223	3435	4.194080
225	31685	6.606617
226	26662	4.094793
227	858	4.647787
228	318	4.250164
228	858	4.145778
230	6377	4.216774
231	150	4.927078
231	589	4.926319
232	33794	4.391651
233	333	4.401652
234	5008	4.223734
234	5690	4.199487
236	913	4.115208
236	5291	3.864114
236	109374	3.747081
242	3147	4.340174
244	5064	4.258671
244	31658	4.099768
245	6852	3.568404
246	266	4.211059
246	1198	4.161993
249	922	4.340597
249	44199	4.371770
252	111	4.315385
252	78209	3.979776
255	109864	5.703896
257	38038	4.336498
260	99114	4.281076
261	26082	4.349883
262	1089	4.274600
262	4993	4.412057
264	1204	4.217176
265	76093	4.338373
266	79091	4.590320
268	1	4.374957
268	1148	4.427145
268	6377	4.374509
268	8961	4.391811
268	78499	4.352700
270	457	4.542149
272	109374	4.127212
275	1953	4.377817
276	5618	4.487596
277	89753	4.372078
277	104879	4.374811
278	1207	4.183781
278	1212	4.059162
279	2329	4.562277
286	112183	4.191150
287	2657	5.000725
289	1212	4.080768
291	50	4.261108
291	1252	4.332576
294	5618	4.295030
298	116797	4.605784
299	7099	3.895441
299	78499	3.994151
299	112552	3.960005
299	134853	3.859394
300	36	4.176858
301	1230	4.278941
304	1197	4.434481
304	102800	4.478594
310	858	4.187490
311	84716	4.427574
315	96588	4.327732
316	64614	4.417885
317	33162	4.470597
317	106920	4.415673
317	113378	6.606617
318	541	4.322992
318	908	4.269048
318	5618	4.336094
318	47610	4.350409
319	2997	4.201729
321	8228	4.105423
322	527	4.265895
323	5690	4.299342
324	1193	4.283220
324	64839	4.318526
331	31	6.606617
332	2947	4.107194
333	608	4.442594
334	858	4.383634
335	3030	4.354185
343	98956	6.606617
344	1196	4.491671
344	1210	4.509595
344	2028	4.364989
344	48394	4.350217
344	55820	4.360520
345	1230	4.268187
346	1212	4.377739
348	3160	4.370419
350	5690	4.210718
350	55247	4.219945
351	215	4.400621
351	112552	4.273461
352	2804	4.234327
352	91529	4.295109
354	54259	4.387462
354	84716	4.459658
354	89864	4.274080
354	101895	4.443853
359	3114	4.479584
359	4886	4.492952
359	84152	4.405100
360	8961	4.383351
362	1033	6.606617
362	114935	4.282642
365	44665	4.320383
366	48780	4.531007
366	63082	4.522102
366	91529	4.759720
367	5291	4.318767
369	1208	4.260149
369	1252	4.106614
372	59784	4.263195
372	81847	4.086146
375	65514	4.157163
376	858	4.726246
377	904	4.201356
377	82459	4.208989
379	4262	4.284844
383	4886	4.320657
386	951	4.237433
386	3441	4.604398
386	3462	4.223768
386	27831	4.328499
387	50	4.368088
388	1196	4.493315
388	1200	4.380222
388	104841	4.425847
389	64575	4.333368
391	2011	4.673343
392	38038	4.268780
393	3730	4.261603
395	1178	4.307409
397	48780	4.379267
398	912	4.116106
398	8636	6.606617
400	4296	4.241677
401	1210	3.975097
402	4886	4.468152
402	115210	4.486468
404	3435	4.308929
404	6787	4.215413
405	1208	4.298380
406	31658	4.187981
408	1136	4.505939
409	1234	4.047831
410	916	4.114248
411	89774	4.188017
412	1204	4.166345
412	5291	4.169819
413	79132	4.347757
414	933	4.292834
414	1178	4.270272
416	51662	4.525961
418	47404	6.606617
420	3275	4.325868
421	2542	4.460633
426	515	5.008385
429	8873	4.182106
432	55290	4.277438
434	7153	4.407813
434	7361	4.430539
434	58559	4.471389
435	50	4.115057
435	3578	4.061090
435	6377	4.074957
439	904	3.809176
439	912	3.818550
439	1203	3.912268
439	2918	3.889171
439	3996	3.842257
439	4011	3.839948
443	78499	4.213915
444	661	6.606617
444	1199	4.591864
445	908	4.126166
445	5008	4.142534
451	58559	4.956119
453	64839	4.234508
453	89492	3.776650
454	6669	4.538534
454	71899	4.308117
457	84152	4.250762
457	86332	4.327878
458	117176	4.375800
459	91529	4.792271
463	2716	4.255628
465	79132	4.342242
466	2959	4.376503
467	923	4.126104
467	1269	4.000543
468	6902	6.606617
473	50	4.434334
475	922	4.436789
477	1217	4.082585
478	2352	4.176626
478	5064	4.224199
479	5218	4.290528
480	66371	4.300155
480	94969	4.330396
481	527	4.650155
482	922	4.220462
484	318	4.252664
487	8360	4.761487
489	44199	4.336918
489	44665	4.315164
489	68954	4.413541
489	70286	4.323396
491	34405	4.271758
492	113240	6.606617
497	3435	4.152502
498	81591	4.462478
500	5971	3.933028
502	5952	4.020208
504	1207	4.293037
504	109487	4.317578
506	127565	6.606617
515	5618	4.273659
517	48516	4.818991
521	4848	4.422664
523	50	4.259141
524	1200	4.178341
524	2762	4.395524
525	3448	3.807038
525	109374	4.073151
528	1210	4.219095
529	38061	4.284873
533	109374	4.286129
537	114028	4.389714
537	116138	4.383368
539	116797	4.299825
541	3462	4.321711
544	88125	4.163963
544	112852	4.045887
544	122892	4.173764
546	1274	4.011271
547	97913	4.412256
550	1466	4.325281
550	70533	6.606617
552	344	4.550906
552	5110	4.598205
553	109740	4.459030
558	1259	4.133833
562	40815	4.183351
564	69406	4.510378
567	114028	4.260475
573	5291	4.240472
573	86781	4.233312
574	78574	4.754448
575	3435	4.264744
577	34405	4.216852
577	72395	4.249621
578	56782	4.390129
578	64957	4.345444
580	908	4.202216
580	4878	4.297310
581	2019	4.347280
581	32587	4.273392
582	5103	6.606617
583	1285	4.613302
586	2966	3.988546
586	3160	4.331457
598	3462	4.231823
598	5291	4.283124
598	27831	4.336554
599	66371	4.119464
601	5400	4.188831
602	4447	4.551971
603	858	3.733760
609	4226	4.513252
609	112552	4.470432
610	104944	4.276663
610	113741	4.285722
612	1280	4.369614
614	1256	4.314852
616	1210	4.360809
622	88125	4.578731
625	1358	4.247637
625	1945	4.293978
625	6787	4.170324
628	1230	4.446454
628	5971	4.377209
629	2858	4.549516
632	2959	4.335403
633	7153	3.628816
634	3471	4.667511
636	50	4.738471
636	116797	4.637791
637	64614	4.484469
638	25	4.835241
638	4306	4.415812
640	44195	4.274376
643	7013	4.198479
645	555	4.094278
645	44199	4.075601
646	1208	4.321354
646	2502	4.437160
646	3949	4.322647
648	595	4.566359
648	3435	4.494240
648	3980	4.584531
649	2167	4.355971
651	134853	4.075403
652	8665	4.323229
654	2762	4.528952
656	1148	4.306261
656	3435	4.193495
657	56782	4.449552
657	68237	4.320855
659	1280	4.299748
660	858	4.483557
660	904	4.385404
663	2571	4.856971
664	3462	4.241876
664	5971	4.247519
670	3362	4.370805
670	55820	4.240628
672	89774	4.409555
676	1281	4.284557
676	2905	4.435946
677	1148	4.531433
678	922	4.183487
679	527	4.383135
680	113741	3.803388
681	1148	4.309607
685	912	4.056292
691	908	4.451701
692	48516	4.286966
692	99114	4.254882
694	5952	4.500770
694	7153	4.559351
699	122892	4.306231
700	48774	4.540862
703	1203	4.461858
704	5008	4.234616
706	1527	4.146732
706	3996	4.256696
708	4641	4.359965
708	32554	5.134142
713	1028	4.494207
713	1374	4.414484
713	89864	4.370391
718	118700	3.483267
719	1203	4.312598
719	5008	4.260318
720	527	4.317899
722	904	4.180408
723	32	4.236858
724	175	4.376598
726	112556	4.469181
729	73017	4.404912
733	104	4.614650
733	8368	4.432141
738	109487	4.915980
739	1224	4.361324
739	86781	4.290168
740	54503	4.324376
742	1193	4.319249
744	1952	4.421963
745	86781	4.184904
750	3307	4.387477
752	26662	3.936977
755	3000	4.452963
757	1288	4.320601
758	2420	4.473121
759	6539	4.141776
761	113521	6.606617
762	46578	4.618757
764	109487	4.277144
767	2329	4.385520
767	58559	4.484050
770	2011	4.354804
771	32587	4.380526
773	109374	4.162644
781	1203	4.138566
782	1198	4.361486
782	1291	4.263322
783	2762	4.145476
783	4886	4.314074
786	7153	4.200311
787	102445	4.057500
787	112852	4.010335
788	105504	4.364917
791	5690	4.228545
792	3087	4.553186
796	5995	4.277063
797	69844	4.286305
797	87232	4.242151
800	5690	4.240701
801	48161	4.670077
801	97225	4.299938
802	316	4.123935
802	3114	4.293558
807	7156	4.149743
808	76093	4.409965
810	1136	4.426126
811	110	4.256322
811	541	4.264056
814	904	4.327903
814	1203	4.350463
818	593	4.280127
818	904	4.337644
818	1219	4.357689
818	55820	4.301994
820	84601	4.389437
824	1212	4.125295
833	109740	4.501033
834	1234	4.255795
834	1732	4.344371
836	3252	4.425771
837	112556	4.477455
837	114601	6.606617
840	107069	4.431995
842	1281	4.288324
845	1252	4.438580
845	1284	4.358193
845	112552	4.677845
846	100060	6.606617
847	3147	4.345973
848	7099	4.215018
848	134853	4.178971
849	50	4.444558
849	5618	4.324665
853	750	4.299249
854	116797	4.298223
856	50	4.464236
856	106920	4.372225
857	628	4.197076
857	953	4.220174
857	3559	3.718978
860	5903	4.867767
861	73881	4.425736
861	80463	4.263831
863	2918	4.247688
864	3462	4.118380
867	5690	4.254776
868	4993	4.405309
870	79132	4.020597
871	126245	3.884577
872	3030	4.280662
873	5618	4.310307
878	72641	4.354862
880	1136	4.402834
881	3307	4.387230
881	112556	4.400834
882	858	4.533718
887	5618	4.495088
888	4011	4.400427
888	112852	4.240543
890	1953	4.134451
891	1198	4.081830
891	2571	4.275778
892	2203	4.496572
892	69604	4.509141
895	26122	4.162023
896	2947	4.118342
896	59315	4.153801
897	2011	4.317657
898	1653	4.181561
901	1212	4.519311
901	1952	4.560951
902	111	4.122041
902	6669	4.306210
904	2329	4.297969
905	2273	4.412769
907	40819	4.457937
911	1405	6.606617
916	2329	4.529356
916	2858	4.553056
916	68157	4.598152
920	1230	4.480172
921	2019	4.222320
922	50	4.686656
922	858	4.709476
925	1203	4.356190
926	2571	4.341490
926	4226	4.294852
926	31658	4.194804
931	106452	4.327571
932	112290	4.252610
933	50	4.404506
935	3000	3.845666
936	16	4.713926
936	913	4.638777
937	858	4.279695
937	1234	4.114626
937	3252	4.207423
940	112183	4.311380
942	858	4.301485
948	115617	4.386762
951	356	4.775800
952	7153	5.186283
953	3916	4.426282
954	91529	4.472073
954	97752	4.747320
956	457	4.327626
956	1673	4.329216
956	5618	4.355933
957	3081	4.080667
959	2028	4.346159
960	2019	4.193897
961	2872	4.434381
963	91529	4.439376
963	102445	4.358517
966	2028	3.823997
967	38038	4.250652
968	1199	4.622441
970	2288	4.079881
970	7090	4.174838
970	34405	4.051808
971	1208	4.063801
974	3275	3.935938
975	64839	4.288348
976	1945	4.402738
981	6708	4.137259
981	64614	4.135879
982	3617	6.606617
983	1247	4.028221
985	84952	4.364241
986	111362	4.422621
987	2019	4.419315
987	68358	4.367077
991	1884	4.374383
993	50	4.431144
994	1208	4.201484
995	106100	4.388702
997	79702	4.275349
997	134853	4.159674
998	3265	3.866654
999	1228	4.367807
999	1276	4.293443
1003	2959	4.323380
1003	112556	4.316790
1003	117176	4.364633
1006	80463	4.166172
1007	99114	4.214004
1008	6708	4.316509
1008	6870	4.201170
1009	750	4.824865
1009	109374	4.678183
1013	56367	4.247496
1015	8368	4.470281
1017	5971	4.178672
1019	2571	4.351912
1019	58559	4.391587
1019	68157	4.361853
1020	1704	4.279092
1020	2858	4.305654
1020	64839	4.294183
1021	112552	4.490354
1022	113573	4.229979
1025	106920	4.353740
1027	3462	4.315201
1034	2819	4.348089
1036	1198	4.292976
1038	7123	4.239290
1041	49286	4.357715
1041	65868	4.305032
1043	912	4.663422
1044	8360	4.390079
1045	115713	4.215893
1050	912	4.277434
1051	8638	4.734354
1053	64614	4.296594
1053	78499	4.266679
1054	1464	4.372115
1054	3476	4.035398
1055	953	4.246147
1056	2019	4.306181
1060	44195	4.459514
1060	54001	4.576356
1060	56775	4.587591
1061	58559	4.581038
1061	109374	4.285205
1062	6350	4.160842
1063	48516	4.257758
1065	68954	4.099586
1066	4993	4.230799
1067	7926	4.263409
1069	1136	4.357285
1069	1197	4.355722
1069	76251	4.320638
1071	5418	4.452945
1071	82169	6.606617
1071	87222	4.538163
1071	105504	4.524400
1072	85414	4.271536
1072	91529	4.209671
1074	1217	4.439162
1074	6218	4.300891
1079	1252	4.181270
1080	86781	4.300838
1082	909	4.055533
1082	916	4.015397
1082	3396	3.485624
1084	86781	4.194837
1085	1236	6.606617
1086	69644	4.907140
1086	87222	4.418938
1086	103335	4.393159
1087	608	4.650224
1087	924	4.435244
1087	1230	4.666521
1089	2329	4.386059
1089	2959	4.387453
1090	1059	4.506422
1090	5418	4.869854
1091	88125	4.282348
1091	112556	4.298069
1094	318	4.409089
1094	6502	4.172508
1094	91529	4.205461
1098	33794	4.119954
1098	58559	4.254581
1098	110102	4.130026
1098	112852	4.017059
1104	86781	4.607696
1110	50	3.524727
1111	76093	4.346841
1113	1210	4.472588
1117	922	4.366847
1117	5618	4.428093
1122	110	4.747513
1122	608	4.873707
1124	2329	4.637774
1125	2268	4.296341
1125	5418	4.282516
1128	1022	4.288969
1129	527	4.863595
1129	115617	4.744613
1130	3462	4.233865
1130	5291	4.285166
1131	26122	4.302149
1132	33794	4.282754
1134	1263	4.409160
1137	54001	4.474795
1137	91542	4.416287
1141	5971	4.231999
1146	100159	4.448557
1149	48780	4.831460
1149	72998	4.443186
1151	912	4.087102
1152	4878	4.505770
1153	922	4.162564
1153	4886	4.313735
1154	1200	4.229139
1155	116797	4.670659
1158	904	4.361453
1160	86892	6.606617
1161	111	3.802857
1161	1197	3.857592
1162	750	4.438474
1162	31658	4.318560
1162	109374	4.259591
1163	122892	4.599998
1165	3300	6.606617
1168	81591	4.243510
1175	105	4.401137
1175	2712	4.464697
1178	112171	4.409984
1178	112183	4.305184
1180	85438	6.606617
1180	114028	4.340825
1182	111	4.257801
1182	1304	4.277370
1183	1148	4.435568
1188	5995	4.186708
1190	117506	4.213137
1191	1674	6.606617
1193	54286	4.261583
1194	1136	4.420418
1195	111	4.276831
1195	5995	4.259785
1199	50601	6.606617
1201	1148	4.443614
1202	111	4.256879
1202	1136	4.313176
1202	1198	4.363945
1206	91542	4.304193
1211	1086	4.309954
1211	1234	4.207933
1214	86781	4.407489
1215	2028	4.280317
1216	91658	4.438899
1217	1222	4.327750
1219	106100	4.428500
1221	858	4.423421
1222	116797	4.030132
1223	1178	4.176402
1223	3307	4.157870
1224	2571	4.371780
1225	79702	4.314798
1228	750	4.237561
1235	1200	4.194634
1238	858	4.129310
1239	5618	4.288879
1239	5971	4.202379
1241	48516	4.300067
1242	123	4.212672
1245	2762	4.494007
1247	1193	4.215898
1248	48516	4.236615
1249	110	4.690167
1250	922	4.057952
1250	1212	4.060363
1250	1228	4.244819
1250	3000	4.013495
1251	2019	4.354049
1253	4011	4.367916
1256	555	4.156137
1256	1089	4.072466
1260	2278	4.232726
1261	919	4.810906
1261	1208	4.612066
1264	541	4.172842
1264	112852	4.035874
1265	5690	4.301804
1267	1291	4.262765
1267	4886	4.329785
1268	541	4.514567
1268	110730	4.528939
1271	1276	4.087685
1271	3468	3.874021
1276	480	6.606617
1276	2028	4.812554
1276	2762	4.499143
1284	5971	4.396003
1285	7156	4.125017
1285	102445	4.173670
1286	318	4.629552
1288	1254	4.311319
1289	1193	4.567226
1289	1198	4.412809
1291	913	4.571139
1292	44665	4.168985
1292	58559	4.308263
1293	73881	4.475041
1293	94959	4.300463
1294	58559	4.364202
1295	1136	4.204987
1296	1197	4.185742
1296	1230	4.169299
1297	7293	4.365067
1298	34405	4.289969
1303	1178	4.398081
1306	5690	4.266519
1306	109374	4.183568
1307	318	4.596861
1310	106072	4.787556
1314	33660	4.326423
1318	595	4.414451
1322	7254	4.502989
1326	1219	4.439779
1326	5418	4.396025
1327	5971	4.370624
1327	6539	4.454778
1329	2918	4.204117
1330	50	4.264173
1330	1250	3.730291
1332	1193	4.157542
1332	5971	4.105196
1333	36	4.385045
1333	58559	4.443438
1333	104879	4.356088
1334	3462	4.358148
1334	5618	4.450291
1336	908	4.278644
1336	112290	4.248709
1340	77561	4.370556
1340	81834	4.367824
1340	81847	4.379269
1340	88125	4.370170
1341	17	4.274268
1342	3088	4.194540
1342	8228	4.019484
1346	112552	4.325855
1347	25	4.378583
1347	3476	4.065743
1347	64839	4.328740
1350	1284	4.080627
1353	86781	4.265912
1354	1942	6.606617
1354	3196	4.257010
1357	55098	3.821077
1358	608	3.929069
1360	2459	4.349252
1368	1729	4.104243
1370	48774	4.316072
1374	908	4.349335
1375	56782	4.170829
1378	111	4.328290
1378	58559	4.548646
1378	88125	4.351843
1381	1036	4.177163
1382	106002	6.606617
1384	63082	4.319663
1384	99114	4.249148
1385	50	3.932373
1385	904	4.183480
1387	908	4.285558
1389	122882	4.249312
1391	3363	6.606617
1393	909	4.361461
1395	923	4.272096
1395	1247	4.285557
1396	79132	4.338857
1398	1208	4.326282
1400	105593	4.905286
1403	3262	4.288133
1404	79091	4.283549
1404	102445	4.188169
1405	1252	4.324221
1405	1617	4.251824
1406	82459	4.340826
1406	112552	4.312471
1407	46578	4.093934
1412	112552	4.410432
1416	1284	4.185025
1419	55098	3.427423
1421	3730	4.304765
1422	50	4.344454
1424	99114	4.968841
1427	89774	4.214986
1428	1222	4.028762
1428	4011	4.262406
1431	608	4.065338
1432	1247	4.227034
1433	778	4.487067
1433	1208	4.440811
1434	87222	4.469335
1435	99114	4.448409
1436	858	4.390257
1438	1284	4.273733
1443	41566	4.235619
1443	59501	4.360900
1443	86332	4.304421
1443	88140	4.298633
1445	3114	4.424704
1446	3435	4.219038
1448	1059	4.630705
1449	161	4.207178
1449	380	4.161218
1449	1200	4.182795
1449	2762	4.179214
1453	8529	6.606617
1455	4011	4.321598
1456	1035	4.432013
1457	953	3.754874
1458	3462	4.075274
1458	48516	4.238042
1459	2858	4.381304
1460	608	4.542780
1460	1178	4.564987
1461	4427	4.096482
1461	4432	6.606617
1462	110	3.930156
1465	1259	4.450269
1465	2762	4.472849
1467	3578	4.210499
1467	53125	6.606617
1467	91529	4.188045
1468	1884	4.328705
1468	2019	4.340272
1469	1240	4.356501
1473	2028	4.217842
1474	1240	4.377616
1476	296	4.429508
1479	3307	4.310668
1479	5008	4.289867
1480	95654	4.496584
1482	858	4.450575
1484	5291	4.306737
1486	3702	4.283454
1487	5971	4.400892
1488	912	4.531969
1490	97172	4.580179
1490	104879	4.230477
1493	344	4.782019
1494	6187	4.345140
1495	81845	4.391385
1497	5971	4.240100
1498	104944	4.202732
1500	608	4.320575
1502	1252	4.308513
1503	2716	4.179229
1506	112175	4.459128
1507	48780	4.246718
1511	288	4.728170
1512	608	4.080433
1512	923	4.161886
1513	858	4.526675
1513	58559	4.536932
1515	6936	4.495845
1516	117176	4.331240
1517	32497	4.790098
1518	1283	4.136302
1518	1284	4.143582
1520	103141	4.258955
1521	2019	4.511654
1521	5291	4.458628
1522	4011	4.244418
1524	104089	6.606617
1525	88810	4.390135
1525	104374	4.386230
1526	2542	4.243073
1528	2490	4.138455
1528	7451	6.606617
1529	45668	6.606617
1529	111384	4.478443
1530	1148	4.356914
1530	30707	4.286324
1531	858	4.157908
1539	3255	3.379527
1540	5690	4.278603
1540	112552	4.311847
1541	1291	4.227897
1541	2329	4.263465
1541	2716	4.182765
1541	6539	4.272197
1543	608	4.447418
1544	6870	4.209210
1545	1089	4.172610
1546	1250	4.162363
1547	82667	4.096530
1550	79132	5.082918
1554	59387	4.305356
1556	616	4.362460
1556	48516	4.713456
1560	150	4.352655
1560	5418	4.338437
1560	109487	4.353459
1560	116797	4.384845
1561	4993	4.248244
1561	55820	4.149244
1563	73881	4.270629
1565	49932	6.606617
1567	1203	4.500495
1567	1704	4.343945
1569	3504	4.292358
1574	17	4.181703
1575	55290	4.239325
1575	105197	4.262093
1576	2403	4.233524
1577	34405	4.369080
1578	1287	4.451388
1578	2542	4.430129
1578	2791	4.361802
1579	107141	4.415595
1580	3730	4.251046
1583	97752	4.447056
1587	2819	4.263722
1590	112556	4.473440
1591	111	4.352039
1591	5995	4.334992
1592	912	4.569502
1593	50	4.497820
1593	5816	4.458535
1593	58559	4.530897
1594	1035	4.490293
1595	926	4.186750
1596	66371	4.246380
1597	96821	4.408861
1600	750	4.434755
1601	48516	3.926030
1605	115210	4.177847
1610	480	6.606617
1612	3000	4.235563
1613	5291	4.232546
1614	3210	4.308341
1615	4995	4.197053
1616	50641	6.606617
1617	2640	4.842618
1617	4321	4.547966
1620	5008	4.462129
1621	3967	4.291393
1623	296	4.376632
1623	1247	4.196608
1624	1199	4.315664
1624	1207	4.168992
1624	112290	4.126195
1626	89774	4.442908
1628	7361	4.432617
1631	904	4.312520
1631	5618	4.333479
1636	85414	4.456052
1642	2116	6.606617
1642	8368	4.393227
1643	904	4.270972
1644	59784	4.197963
1645	2019	4.314804
1646	913	3.341906
1646	923	3.385157
1649	64614	4.449759
1651	904	4.325073
1652	318	4.675281
1652	1197	4.840016
1653	2918	4.174496
1655	5995	4.466586
1655	74458	4.496634
1656	105	4.366170
1657	78039	4.064107
1657	81591	4.229684
1658	4011	4.172797
1659	1088	4.471780
1663	109374	4.135596
1664	90647	4.295273
1670	2959	4.869852
1672	5291	4.304353
1672	54503	4.335180
1674	3918	6.606617
1676	34405	4.444163
1676	48516	4.464268
1676	49272	4.466087
1676	84152	4.306172
1679	1196	4.506088
1681	112552	4.291250
1682	2542	4.343202
1682	3362	4.246796
1682	31658	4.144029
1685	457	4.661313
1685	527	4.775023
1686	923	4.397484
1686	1219	4.455051
1687	48516	4.430428
1689	91529	4.242798
1690	44195	4.259683
1691	916	4.186701
1693	2268	4.307816
1693	2791	4.299840
1695	2762	4.225552
1695	2959	4.193228
1695	4226	4.204051
1700	1203	4.546837
1701	150	4.333591
1710	3468	4.321737
1710	8958	4.407057
1711	4226	4.294337
1711	68358	4.253143
1716	2019	4.300520
1718	4226	4.167096
1720	1136	4.275749
1720	1197	4.473102
1720	2762	4.288439
1721	318	4.672216
1721	5952	4.552094
1722	5971	4.228440
1724	31658	4.273204
1727	5971	4.146922
1729	60040	6.606617
1732	54286	4.635099
1733	903	4.309944
1734	3916	4.430460
1736	6350	3.533929
1737	3578	4.255526
1739	2459	4.396738
1739	5690	4.316506
1743	115569	4.191392
1745	5971	4.280853
1746	34405	4.157295
1748	76251	4.482403
1750	5400	4.307595
1751	2762	4.468134
