0	1263	4.516202
1	1284	4.396568
1	2019	4.422954
2	1210	4.525497
8	40815	4.686639
8	45431	4.636324
8	47610	4.550301
10	3435	4.406341
10	55820	4.474448
11	1945	4.643602
11	3201	4.676753
13	3629	4.473138
16	58559	4.465897
17	112175	4.485909
18	541	4.494508
18	78499	4.438169
19	112175	4.553429
20	5971	4.358197
20	99114	4.398359
21	4878	4.706975
21	7361	4.539397
22	50	4.424986
22	2096	4.596504
22	89864	4.530747
23	2329	4.431047
23	5971	4.270937
24	908	4.345888
24	951	4.579158
25	119145	4.578573
26	77561	4.730993
26	81834	4.649575
31	527	4.370151
31	2028	4.496715
31	3578	4.500322
32	3435	4.345717
33	950	4.550439
33	951	4.575009
33	3468	4.423040
34	113741	4.741097
35	4144	4.295168
35	6669	4.618834
36	112940	4.624830
37	3949	4.411184
38	1198	4.600793
38	68954	4.577419
39	1193	4.368331
39	2028	4.424676
40	134853	4.346838
42	2019	4.425852
42	31658	4.537794
43	51412	4.650334
53	1407	4.521589
53	1747	4.562978
53	2470	4.540316
55	7361	4.385525
56	3578	4.437403
56	76093	4.291714
57	3476	4.510749
59	91529	4.355789
62	1291	4.471959
64	954	4.680613
64	1035	4.423737
65	1252	4.542820
67	30749	4.443037
69	1952	4.696492
71	1200	4.353444
71	1210	4.508481
71	59315	4.526956
72	2730	4.649743
75	80489	4.674358
75	82459	4.636430
76	1136	4.439511
76	4226	4.449253
77	2019	4.430892
79	3030	4.434365
79	26082	4.517867
80	608	4.384387
80	1208	4.609337
88	109374	4.277463
88	134853	4.362417
91	1207	4.380575
94	6350	4.552665
99	161	4.491876
99	541	4.462414
100	6537	4.487025
104	1464	4.609851
106	63113	4.530695
106	69844	4.613690
107	2329	4.433122
107	6539	4.493544
108	7099	4.472441
110	541	4.511496
111	79091	4.548138
111	114028	4.491598
112	7387	4.491963
114	318	4.681302
116	750	4.388530
116	79132	4.467516
117	30749	4.403873
118	3307	4.404992
123	7361	4.357099
124	750	4.389901
125	5903	4.611037
126	115569	4.300883
127	1945	4.430729
127	3307	4.453497
127	7217	4.655463
128	76091	4.596583
130	1206	4.566520
132	50	4.353109
132	912	4.451117
134	84716	4.552801
134	104944	4.461558
138	898	4.673213
139	111	4.291681
139	318	4.548861
140	1148	4.416926
144	6350	4.477970
145	916	4.424381
148	97921	4.591819
149	3030	4.460964
149	5971	4.309458
150	318	4.672336
151	3307	4.417300
160	30749	4.334817
162	1197	4.345023
164	6669	4.561905
168	3435	4.354483
169	2871	4.663283
171	99114	4.330338
172	145	4.601358
174	908	4.305789
175	97921	4.378802
176	2959	4.434439
176	55820	4.442777
180	7099	4.370636
180	76093	4.465439
181	2959	4.353824
182	30749	4.357677
182	102445	4.473197
182	110102	4.663778
182	112552	4.295539
189	3160	4.558799
192	17	4.335612
193	589	4.413632
194	34	4.643388
195	109374	4.282291
197	134853	4.444748
198	34405	4.461337
198	81845	4.358108
201	527	4.487844
202	628	4.533580
203	5400	4.603207
205	3307	4.385659
209	318	4.518643
211	3462	4.289374
211	5971	4.236626
212	34	4.583967
217	858	4.525877
218	150	4.553469
218	1196	4.307668
218	40815	4.448782
219	6777	4.383051
221	7254	4.409380
221	64614	4.448420
223	56782	4.462753
223	112290	4.293795
224	50	4.553961
224	47610	4.667154
226	48516	4.363036
226	58559	4.606104
227	88125	4.387133
228	48516	4.395946
229	58559	4.574089
229	59315	4.612336
230	913	4.408054
230	1148	4.431314
233	1246	4.596802
233	3114	4.625233
236	1089	4.358554
237	26122	4.545714
238	6787	4.513241
241	2989	4.451900
241	4308	4.383206
243	50	4.434627
243	104374	4.441541
244	48516	4.374619
244	68954	4.391111
245	2396	4.499368
246	1	4.484827
246	457	4.384655
249	5995	4.370944
252	40819	4.709832
255	112552	4.298012
256	80549	4.630049
256	109374	4.215262
257	1193	4.372119
258	68237	4.433601
259	6365	4.587671
259	88125	4.398139
264	7163	4.471207
264	7254	4.482901
264	71838	4.490078
265	110	4.430230
266	5954	4.695317
273	81591	4.398527
274	106100	4.613154
276	32497	4.654646
279	49274	4.535686
282	5995	4.321960
283	58559	4.410114
284	904	4.363117
284	908	4.442957
284	63082	4.481855
286	1262	4.430533
286	32587	4.648453
287	119145	4.493434
288	4878	4.489546
291	1036	4.564440
292	1704	4.528885
295	1252	4.459422
295	5618	4.370149
295	48516	4.381061
296	88140	4.593571
296	122892	4.548333
297	1284	4.305476
297	3030	4.447118
300	1466	4.589789
302	1584	4.446969
303	1276	4.486503
303	1961	4.572689
303	3471	4.642048
306	1358	4.557890
307	3262	4.650243
308	68954	4.520312
309	3925	4.672751
310	588	4.586970
311	912	4.351651
312	112623	4.522072
313	2717	4.506014
318	3949	4.326727
321	48394	4.406024
322	1704	4.445597
322	2019	4.339152
322	2028	4.478730
323	111	4.439929
323	1193	4.273395
324	908	4.340102
324	58295	4.574808
325	17	4.425987
325	750	4.393276
325	5291	4.323435
326	3275	4.574061
329	1356	4.636034
333	750	4.491114
333	1199	4.536288
335	5008	4.276130
338	112552	4.306695
338	113741	4.781603
342	922	4.426470
342	4878	4.435410
343	44199	4.499075
343	44665	4.436790
343	45517	4.528431
343	59784	4.408205
345	86781	4.415103
347	910	4.537464
348	3730	4.497440
352	134130	4.666807
354	3114	4.511267
357	1148	4.452798
358	30812	4.501592
358	106100	4.622611
361	4993	4.382996
362	66371	4.398539
363	288	4.665105
364	5679	4.678533
364	109487	4.421943
365	64034	4.621344
366	2019	4.475220
372	64614	4.566932
374	68358	4.440436
376	1219	4.621662
376	1617	4.640665
376	48516	4.462845
380	6378	4.837576
388	104520	4.507456
389	31658	4.440066
390	4327	4.684010
393	733	4.524843
393	1291	4.352220
393	2000	4.446131
395	96728	4.657247
396	1178	4.677810
396	4262	4.691336
397	72741	4.890823
397	100714	4.551592
398	116905	4.639248
403	2028	4.501229
403	2959	4.420456
404	110102	4.712491
405	117506	4.678435
407	3252	4.574861
408	2019	4.292852
410	31658	4.317875
414	7147	4.469742
415	3307	4.457351
415	48394	4.322819
416	1193	4.430382
417	904	4.344747
417	2019	4.501529
421	593	4.375199
423	59784	4.532200
423	69844	4.634815
425	4886	4.601364
426	7153	4.363828
426	48780	4.406103
428	661	4.678174
428	1748	4.763357
430	1178	4.540824
430	112852	4.245307
431	4878	4.578896
431	31658	4.389458
432	81591	4.563095
433	111	4.422179
433	3147	4.558738
433	58559	4.463829
435	85259	4.612574
435	111924	4.653345
436	2087	4.572928
437	73881	4.563182
438	81564	4.673703
440	74458	4.459261
441	922	4.398384
444	1197	4.449008
444	1198	4.457571
445	912	4.387002
445	923	4.421795
445	924	4.605106
447	3246	4.494005
448	1244	4.513032
450	68954	4.573324
451	3471	4.579687
451	106920	4.313140
452	135	4.613404
453	316	4.620545
453	81845	4.370275
455	4226	4.363511
456	111921	4.634748
458	5464	4.461995
458	44665	4.342105
459	353	4.601222
460	778	4.618476
463	88125	4.479271
465	7254	4.615170
465	102125	4.562237
466	2762	4.381076
468	69844	4.608045
468	86781	4.442636
469	1207	4.449979
473	930	4.716863
474	141	4.581289
474	31658	4.341510
476	1252	4.477336
478	1136	4.395813
479	8228	4.415049
482	56715	4.493599
485	318	4.558018
486	750	4.410341
486	908	4.316791
489	88125	4.444389
489	91529	4.471738
493	899	4.372020
494	318	4.633977
497	912	4.385718
498	48394	4.413449
499	141	4.420771
499	4878	4.540591
503	5010	4.678907
506	589	4.490856
508	112552	4.341609
509	4306	4.535846
510	2076	4.609635
511	50	4.513386
512	8957	4.633501
512	78574	4.670107
517	94969	4.574347
520	109374	4.264278
521	88125	4.605811
521	91529	4.497848
521	115713	4.554256
522	2329	4.428932
527	858	4.454026
527	55820	4.659704
527	68237	4.408972
527	99114	4.333510
529	912	4.389943
533	78499	4.546319
534	318	4.624750
539	2186	4.516948
541	116797	4.436442
545	5618	4.390614
545	48774	4.446238
547	750	4.441487
547	103335	4.695447
549	1198	4.471810
552	118700	4.580075
554	5971	4.354223
554	41997	4.530107
555	898	4.596675
557	112175	4.492434
557	134853	4.362515
561	58559	4.568310
563	113741	4.631400
566	608	4.443425
567	163	4.600543
568	318	4.625042
572	4011	4.459015
576	1207	4.344923
577	50	4.270160
584	8228	4.433764
585	68237	4.458101
594	107069	4.588045
595	59387	4.448230
595	60397	4.594538
595	86880	4.476389
599	7076	4.599489
599	109487	4.470676
600	36	4.835885
600	64034	4.760848
601	50	4.419485
604	114028	4.543896
605	58025	4.690225
606	25	4.575160
606	2427	4.700411
606	2858	4.516746
607	1196	4.557826
607	1240	4.497953
608	1197	4.429169
609	1193	4.427351
609	56782	4.579550
611	32587	4.475710
611	91529	4.372636
613	3730	4.609366
613	109374	4.259137
614	5995	4.388885
615	5995	4.388302
617	7156	4.300886
625	4995	4.607128
627	955	4.578793
628	5971	4.300972
629	110	4.474230
629	1200	4.458320
629	1291	4.421303
630	2413	4.685233
631	7132	4.396787
634	48780	4.394885
634	97921	4.570830
635	100714	4.385445
639	357	4.535149
639	6669	4.514894
641	84187	4.699265
643	1224	4.518417
643	89492	4.499060
644	3072	4.579688
648	116797	4.447566
649	4878	4.531482
653	1183	4.564340
653	3022	4.720604
656	318	4.496461
656	3578	4.442566
658	107883	4.624781
660	79132	4.519970
661	1198	4.517583
661	2329	4.458611
662	589	4.414371
662	858	4.477584
662	908	4.376203
663	3996	4.482588
664	81932	4.614431
664	115617	4.511764
666	3307	4.439568
671	858	4.337567
671	4306	4.509837
672	912	4.403345
672	48774	4.604913
673	1204	4.456520
677	112552	4.402316
678	56174	4.466713
680	8807	4.585337
681	7132	4.542771
684	113240	4.669325
686	1281	4.500209
686	5679	4.717216
687	59315	4.477489
688	33794	4.468759
690	84601	4.873221
690	86190	4.712487
691	110	4.492604
692	79132	4.314903
695	1281	4.459739
696	66665	4.662913
702	922	4.434379
702	3362	4.436431
702	30810	4.617933
707	3675	4.437267
707	91542	4.624932
708	913	4.501774
712	34	4.607877
712	858	4.486637
712	8874	4.610398
714	750	4.407056
715	922	4.460468
719	1203	4.372298
720	106920	4.456865
721	48161	4.742788
721	48593	4.653421
722	1262	4.414693
723	1203	4.374085
726	50	4.384763
727	288	4.458179
732	111	4.312066
732	56367	4.558820
732	68157	4.624778
733	904	4.356256
736	2571	4.487798
736	2762	4.480188
739	7153	4.375672
746	924	4.486694
748	8638	4.459234
748	102445	4.445172
749	5418	4.353845
751	5291	4.322411
752	3462	4.216021
756	919	4.536273
758	5952	4.374628
758	6539	4.377224
761	2959	4.405860
761	4226	4.338680
764	74416	4.530203
765	68954	4.455507
770	2076	4.517576
770	61024	4.597548
771	127565	4.665207
774	1036	4.532197
778	318	4.572895
779	1136	4.392059
779	4993	4.487085
780	5995	4.397661
781	70	4.770929
781	1356	4.708424
782	541	4.411414
782	858	4.441922
787	2640	4.622868
787	4321	4.663590
789	101895	4.500498
791	4226	4.330632
793	1148	4.465561
793	8961	4.545697
794	2427	4.654594
798	94959	4.276541
800	858	4.378907
800	112290	4.445396
802	5690	4.335315
805	45517	4.500535
811	1193	4.476785
811	5618	4.434448
812	2858	4.462886
813	86781	4.350494
815	50	4.441920
816	102445	4.402921
816	134853	4.283549
818	2791	4.515586
819	8958	4.568823
820	94777	4.822821
820	109578	4.716522
820	112897	4.724352
822	1732	4.771200
824	1265	4.489847
824	4226	4.445194
830	2288	4.573777
831	50	4.453498
832	34405	4.452648
834	48516	4.419260
840	115617	4.544337
843	112552	4.388345
844	5498	4.493765
846	3470	4.499953
847	36	4.584142
847	2712	4.497912
849	111384	4.648640
850	1203	4.443689
850	1207	4.345168
850	3916	4.619117
852	922	4.327486
852	923	4.510708
853	2186	4.496102
855	6350	4.508351
856	2019	4.347317
856	33794	4.450067
856	79132	4.427983
861	7153	4.401766
862	2700	4.464846
863	926	4.464692
864	1234	4.404399
865	95939	4.850498
866	96811	4.398790
868	96821	4.496563
870	68954	4.472078
870	78499	4.479648
871	50	4.430370
874	1254	4.570665
874	1304	4.584768
874	3468	4.528162
874	55247	4.603778
875	94969	4.648640
875	104520	4.772732
875	109487	4.495879
878	858	4.492947
878	1200	4.475991
879	82459	4.575596
882	94969	4.643671
882	111362	4.590256
883	904	4.459560
885	1293	4.569930
885	3006	4.718985
885	5010	4.556890
887	73881	4.557577
892	7090	4.739346
895	112852	4.275384
898	457	4.546913
898	527	4.369961
905	1483	4.560016
905	6440	4.686258
907	47099	4.648844
908	104944	4.456218
909	1203	4.317527
910	858	4.387165
911	1200	4.347797
911	1265	4.630034
912	68237	4.456439
912	91529	4.531328
912	109374	4.248880
913	904	4.409348
914	34162	4.544496
917	5481	4.485624
917	34162	4.601506
923	1136	4.394984
923	2762	4.462519
924	1198	4.450977
924	5952	4.314468
925	2730	4.628319
925	3262	4.573343
926	2329	4.538227
926	68157	4.737343
927	104944	4.469105
929	6643	4.439454
930	318	4.624573
930	527	4.414433
930	7143	4.495908
932	2018	4.719996
934	3462	4.361618
935	2730	4.602297
937	3000	4.374100
939	2716	4.495363
939	58559	4.289550
941	1234	4.310945
943	2329	4.411052
945	96821	4.623489
947	4963	4.582911
947	44199	4.536212
947	68954	4.592483
948	3435	4.298830
950	904	4.365179
950	908	4.339129
951	101895	4.751180
953	1198	4.565786
954	1219	4.545540
955	3510	4.535705
955	4896	4.575880
955	41566	4.522109
959	2542	4.590079
960	1276	4.383401
961	1196	4.520119
961	1210	4.559487
961	1291	4.404196
961	3578	4.506406
963	4262	4.568749
964	111249	4.613930
970	64034	4.630985
971	5618	4.344958
975	3100	4.452058
975	40819	4.463730
977	1293	4.604726
978	3462	4.268075
978	90866	4.739773
981	11	4.628367
981	51662	4.564722
983	68954	4.512140
984	1956	4.767016
984	2352	4.600134
985	44199	4.521421
987	541	4.468662
987	858	4.466314
987	1387	4.659790
993	4993	4.491174
994	8199	4.492930
994	40412	4.605992
998	904	4.367007
999	4239	4.478732
1001	111	4.322516
1001	1228	4.386791
1001	1276	4.258452
1004	1206	4.538176
1004	2076	4.580703
1007	1729	4.680053
1007	134853	4.426376
1009	2019	4.386030
1009	3030	4.499935
1009	3365	4.719720
1009	68954	4.544136
1009	99114	4.436645
1012	608	4.383704
1012	750	4.441464
1012	38038	4.647576
1012	81834	4.461176
1013	541	4.432795
1013	1219	4.331219
1014	1947	4.587165
1014	2273	4.515005
1016	326	4.582250
1019	102445	4.411644
1023	1193	4.311919
1024	4226	4.407033
1024	68157	4.547112
1024	81591	4.604492
1025	2804	4.511911
1025	91529	4.373315
1025	112552	4.344045
1026	44195	4.791762
1028	527	4.464181
1028	750	4.420458
1028	904	4.411575
1028	1203	4.484538
1028	2019	4.345280
1028	3996	4.619184
1028	4011	4.408980
1031	1207	4.381224
1031	3307	4.504052
1032	1178	4.420572
1032	1252	4.345897
1037	5630	4.574303
1038	608	4.417667
1038	1193	4.363942
1039	114935	4.513020
1041	88744	4.482614
1041	91500	4.534076
1042	951	4.648669
1042	5291	4.375568
1042	68237	4.477371
1044	48516	4.370656
1045	34405	4.377771
1051	8638	4.553674
1052	8807	4.580498
1052	112556	4.497126
1055	1036	4.609035
1056	1240	4.537350
1062	118700	4.607006
1063	80839	4.570230
1064	34405	4.409909
1067	91529	4.365682
1068	1252	4.385171
1068	3435	4.295784
1068	96728	4.554235
1069	8491	4.519737
1070	1266	4.432503
1070	2076	4.553905
1071	9005	4.853751
1071	81641	4.597364
1072	81834	4.552350
1073	113741	4.616116
1077	150	4.490185
1077	527	4.451236
1077	608	4.365094
1078	1617	4.621752
1079	112552	4.358134
1084	1214	4.453989
1085	2973	4.618025
1086	858	4.440082
1087	7132	4.541464
1088	100714	4.481228
1089	318	4.467936
1090	50	4.352739
1090	1961	4.551918
1092	110	4.435539
1092	5690	4.456182
1092	8665	4.321594
1094	908	4.298307
1098	48516	4.396418
1102	26082	4.450454
1107	1207	4.384170
1107	1212	4.475678
1109	2019	4.241595
1111	74916	4.548670
1115	1204	4.356182
1116	73881	4.657513
1117	112552	4.266848
1118	4308	4.462726
1122	2019	4.375171
1125	1193	4.360066
1126	4306	4.419306
1126	7153	4.413887
1128	608	4.438467
1128	103624	4.544144
1132	8958	4.484386
1132	107069	4.620612
1137	904	4.385487
1143	3629	4.503585
1145	58559	4.624376
1146	79091	4.559774
1148	6350	4.537982
1151	48394	4.354107
1151	48780	4.453769
1153	3114	4.612443
1153	5418	4.530376
1159	1178	4.526813
1160	55098	4.557376
1161	2019	4.346734
1161	54259	4.658352
1162	114028	4.489768
1163	8784	4.704493
1164	912	4.393540
1166	2459	4.612143
1169	58559	4.488738
1169	72720	4.582458
1170	5971	4.245384
1170	80463	4.540717
1174	296	4.483044
1177	1244	4.391229
1177	26082	4.395945
1179	912	4.324375
1180	457	4.523530
1182	6218	4.614965
1183	3022	4.667969
1184	96588	4.726852
1186	1193	4.415210
1186	4226	4.403918
1187	110	4.274670
1188	104374	4.419998
1192	7361	4.549256
1192	104913	4.649019
1195	109374	4.257210
1201	58559	4.590754
1202	107069	4.775961
1202	112171	4.784885
1203	908	4.462222
1207	1281	4.371780
1207	3307	4.338594
1207	5291	4.326968
1208	1234	4.287347
1208	5008	4.311237
1208	5995	4.428464
1208	84716	4.465665
1209	104944	4.492235
1215	2571	4.471148
1216	103772	4.577568
1216	112623	4.480561
1217	115713	4.605408
1218	1199	4.612274
1218	63082	4.467881
1219	86781	4.490154
1219	104944	4.442423
1221	8516	4.522158
1222	4963	4.722470
1222	48516	4.425536
1223	380	4.751614
1224	1258	4.647971
1224	3949	4.404829
1227	1089	4.354124
1233	88125	4.448316
1233	116797	4.336392
1235	2686	4.602358
1236	858	4.423794
1236	36529	4.571824
1236	38061	4.445549
1236	54259	4.583377
1236	90866	4.669172
1240	49272	4.595539
1242	1299	4.339019
1244	5971	4.309760
1246	1178	4.456818
1246	1207	4.320231
1246	1212	4.473183
1248	1193	4.378366
1251	2664	4.496950
1251	4105	4.562360
1253	5008	4.338172
1253	103335	4.622261
1255	58559	4.550587
1255	91529	4.366868
1257	4011	4.593739
1257	52973	4.637356
1260	112552	4.296635
1260	117867	4.532525
1264	3307	4.321507
1265	608	4.441295
1265	91658	4.450507
1266	733	4.714580
1266	912	4.447035
1266	919	4.625581
1267	1204	4.457180
1268	2132	4.561069
1269	3949	4.433207
1270	95167	4.619955
1274	104283	4.657163
1275	33615	4.536368
1276	1210	4.581714
1277	4993	4.486847
1278	6669	4.643337
1282	81834	4.515066
1283	100714	4.531415
1284	7925	4.839471
1284	73881	4.556862
1285	4299	4.589411
1287	89774	4.513863
1288	898	4.440954
1290	593	4.471963
1290	3435	4.394125
1291	899	4.604163
1293	1196	4.666496
1293	1197	4.420090
1294	457	4.709105
1296	1173	4.665852
1296	1464	4.548863
1296	3476	4.622757
1297	1230	4.470878
1297	3435	4.388615
1298	1136	4.369504
1298	1197	4.281822
1298	112290	4.320434
1301	924	4.442171
1302	86781	4.569110
1306	94070	4.540156
1308	5618	4.353373
1310	1208	4.457687
1311	30793	4.458029
1311	41569	4.593819
1313	111759	4.427690
1313	129354	4.665896
1314	112175	4.447793
1316	903	4.381103
1316	32587	4.590089
1317	1203	4.423735
1319	1234	4.343179
1320	1	4.456792
1325	1265	4.613305
1325	1307	4.541170
1325	1961	4.647292
1328	81845	4.432526
1331	608	4.450229
1331	102445	4.529665
1332	4183	4.619835
1333	457	4.568325
1336	1207	4.499139
1338	68358	4.486653
1339	95558	4.576048
1340	2761	4.740080
1340	114028	4.552219
1341	4823	4.721758
1342	904	4.293593
1344	32	4.487491
1345	3435	4.399289
1346	1219	4.460932
1347	78499	4.515520
1349	50	4.445330
1349	457	4.457005
1350	1276	4.355241
1353	99114	4.360119
1354	50	4.455709
1355	50	4.374525
1356	2804	4.492570
1359	114028	4.527202
1360	68157	4.488904
1362	4993	4.476663
1363	898	4.542445
1363	3087	4.467911
1364	4641	4.682871
1370	7156	4.341632
1371	64839	4.603458
1372	104944	4.422768
1373	908	4.434395
1374	5690	4.245302
1375	919	4.592920
1376	1354	4.477797
1377	100714	4.509537
1378	2427	4.544912
1378	2712	4.438120
1379	2203	4.694054
1381	79091	4.567089
1383	48394	4.338816
1384	5971	4.343529
1384	81845	4.405541
1385	1234	4.337493
1386	318	4.497989
1390	55442	4.468569
1392	55820	4.468014
1394	3980	4.682710
1399	8228	4.247175
1399	51931	4.715023
1400	1089	4.440264
1401	112852	4.286122
1402	48516	4.380989
1405	5291	4.312105
1407	1291	4.487132
1410	858	4.431585
1411	31	4.483215
1417	7361	4.546001
1418	1212	4.545812
1418	112183	4.524232
1418	115569	4.429871
1419	908	4.320863
1419	4239	4.494911
1422	104944	4.464576
1424	593	4.371246
1424	2019	4.348165
1424	5618	4.407666
1426	2959	4.411594
1426	7153	4.436444
1426	97921	4.492812
1427	6377	4.635448
1427	79553	4.626258
1428	6377	4.539672
1430	7347	4.702217
1431	3175	4.541297
1431	106920	4.417476
1436	1089	4.349615
1436	1617	4.463089
1437	55290	4.581720
1444	8132	4.429397
1446	5388	4.689338
1447	3275	4.555991
1448	4993	4.476001
1449	2762	4.373048
1449	30707	4.683302
1449	63082	4.481693
1451	91658	4.636390
1453	48516	4.411260
1455	1208	4.426046
1456	1244	4.521899
1460	63082	4.466288
1461	2019	4.505451
1462	68237	4.383277
1462	99114	4.400526
1464	3545	4.316812
1464	5991	4.356904
1465	5008	4.264848
1466	912	4.333938
1468	858	4.513573
1468	904	4.342372
1469	3435	4.389136
1470	4011	4.531106
1472	1256	4.497152
1474	5971	4.285625
1477	903	4.424065
1478	318	4.522216
1480	5690	4.396958
1480	5971	4.397419
1484	5971	4.281824
1484	31658	4.388490
1485	89753	4.804801
1485	104879	4.450964
1487	296	4.502399
1487	508	4.596223
1492	527	4.390941
1493	104944	4.296382
1494	26903	4.472408
1496	1259	4.462855
1496	7132	4.485790
1497	117506	4.507895
1500	3814	4.625159
1501	58559	4.424875
1501	109487	4.381349
1503	1193	4.411800
1505	912	4.461795
1505	2011	4.581431
1510	1704	4.469450
1514	7013	4.635577
1515	50	4.423494
1516	1234	4.325310
1517	60684	4.411068
1519	926	4.321664
1521	3307	4.405263
1522	4963	4.595419
1522	5989	4.618443
1523	58559	4.559423
1525	73017	4.578748
1525	81834	4.514816
1526	112556	4.472759
1527	61236	4.431655
1530	3949	4.401804
1533	5618	4.384083
1535	296	4.492859
1536	31658	4.424262
1537	8636	4.541856
1538	99114	4.305071
1538	102445	4.498958
1539	1217	4.475818
1540	104944	4.464207
1541	6643	4.416071
1542	1208	4.532201
1543	919	4.552058
1543	1291	4.416108
1544	904	4.289921
1547	100714	4.480661
1548	1288	4.668765
1551	928	4.400491
1552	5618	4.390546
1553	50	4.365098
1554	6377	4.708684
1555	344	4.449464
1555	8641	4.574058
1556	3362	4.429325
1557	1625	4.565887
1557	1653	4.435507
1557	6879	4.403793
1559	113573	4.520390
1562	66509	4.622993
1563	3030	4.476048
1565	2273	4.561542
1565	4446	4.620821
1566	3030	4.421020
1566	74458	4.582263
1567	8132	4.642793
1568	104520	4.614082
1568	116797	4.493918
1569	733	4.515627
1570	2542	4.495300
1575	1254	4.664574
1579	1230	4.438509
1580	1947	4.616878
1581	111	4.321086
1582	2716	4.505568
1583	1079	4.570466
1586	318	4.532316
1591	1256	4.491747
1592	50	4.437438
1593	110102	4.593746
1593	112175	4.435490
1593	122892	4.530156
1594	3030	4.413025
1595	112623	4.645454
1596	8228	4.260488
1597	318	4.603206
1597	4993	4.537308
1598	112552	4.377908
1599	7153	4.363303
1599	63082	4.480251
1604	5902	4.581140
1604	7147	4.423754
1604	46578	4.509185
1608	119145	4.613293
1608	122892	4.454137
1610	88810	4.601235
1611	88810	4.514393
1611	117176	4.713542
1613	5291	4.402541
1615	912	4.412791
1615	953	4.412928
1617	50	4.488062
1617	103335	4.691765
1619	106766	4.724434
1624	6870	4.363339
1624	58559	4.489406
1624	68157	4.426695
1625	99114	4.335749
1628	1258	4.603668
1629	34405	4.415075
1629	72395	4.528189
1631	91529	4.456906
1631	111362	4.493689
1631	112852	4.315177
1631	115569	4.385528
1632	78499	4.481496
1632	109374	4.367611
1632	109487	4.347621
1633	1203	4.431705
1633	2019	4.385212
1634	3111	4.624401
1636	5989	4.611515
1639	26662	4.602325
1642	30749	4.311903
1644	88125	4.384504
1646	50	4.399054
1646	7254	4.670809
1647	858	4.444018
1648	2762	4.424423
1648	5952	4.388813
1648	64839	4.480523
1653	66371	4.450240
1657	2502	4.621108
1657	2791	4.612551
1657	6711	4.648144
1658	1234	4.366854
1658	6870	4.451857
1659	32497	4.711621
1660	1197	4.458826
1661	1356	4.522523
1662	7254	4.588711
1663	1250	4.458619
1664	1968	4.542877
1665	33794	4.643306
1668	593	4.448237
1668	5995	4.302676
1669	115770	4.601636
1672	3578	4.468873
1674	107406	4.469449
1676	541	4.432769
1676	924	4.515220
1677	71899	4.516138
1679	1950	4.594897
1681	116797	4.419184
1683	73881	4.654608
1685	2011	4.353994
1685	2268	4.471641
1688	1204	4.428951
1689	104841	4.602973
1690	1259	4.445726
1690	1270	4.525535
1691	40815	4.553650
1693	134853	4.388648
1695	318	4.485457
1697	539	4.551404
1701	112552	4.233880
1702	913	4.516530
1702	1207	4.289724
1703	5971	4.326638
1710	91529	4.341042
1711	41566	4.527784
1712	608	4.397040
1712	750	4.413246
1714	5952	4.304171
1716	2096	4.693339
1719	150	4.494450
1720	55290	4.603654
1721	6669	4.537434
1722	912	4.390491
1723	98017	4.617230
1725	858	4.391586
1727	1214	4.389162
1727	3468	4.509551
1730	62	4.605102
1730	3087	4.591614
1731	104374	4.455127
1732	102445	4.495730
1733	8798	4.428940
1733	68358	4.244549
1734	899	4.806822
1734	3471	4.750165
1734	4308	4.642611
1743	951	4.538575
1743	2936	4.728786
1745	2501	4.658243
1745	3022	4.519261
1746	3365	4.719299
1748	117176	4.608483
1749	3095	4.684038
1750	5577	4.489719
